Preparing JPEG decoder...
(0,0)-(8,8)
(  0,  0,  0) (  0,  0,  0) (  0,  0,  0) (  0,  0,  0) (  0,  0,  0) (  0,  0,  0) (  0,  0,  0) (  0,  0,  0) 
(  0,  0,  0) (  0,  0,  0) (  0,  0,  0) (  0,  0,  0) (  0,  0,  0) (  0,  0,  0) (  0,  0,  0) (  0,  0,  0) 
(  0,  0,  0) (  0,  0,  0) (  0,  0,  0) (  0,  0,  0) (  0,  0,  0) (  0,  0,  0) (  0,  0,  0) (  0,  0,  0) 
(  0,  0,  0) (  0,  0,  0) (  0,  0,  0) (  0,  0,  0) (  0,  0,  0) (  0,  0,  0) (  0,  0,  0) (  0,  0,  0) 
(  0,  0,  0) (  0,  0,  0) (  0,  0,  0) (  0,  0,  0) (  0,  0,  0) (  0,  0,  0) (  0,  0,  0) (  0,  0,  0) 
(  0,  0,  0) (  0,  0,  0) (  0,  0,  0) (  0,  0,  0) (  0,  0,  0) (  0,  0,  0) (  0,  0,  0) (  0,  0,  0) 
(  0,  0,  0) (  0,  0,  0) (  0,  0,  0) (  0,  0,  0) (  0,  0,  0) (  0,  0,  0) (  0,  0,  0) (  0,  0,  0) 
(  0,  0,  0) (  0,  0,  0) (  0,  0,  0) (  0,  0,  0) (  0,  0,  0) (  0,  0,  0) (  0,  0,  0) (  0,  0,  0) 
(8,0)-(8,8)
(255,255,255) (255,255,255) (255,255,255) (255,255,255) (255,255,255) (255,255,255) (255,255,255) (255,255,255) 
(255,255,255) (255,255,255) (255,255,255) (255,255,255) (255,255,255) (255,255,255) (255,255,255) (255,255,255) 
(255,255,255) (255,255,255) (255,255,255) (255,255,255) (255,255,255) (255,255,255) (255,255,255) (255,255,255) 
(255,255,255) (255,255,255) (255,255,255) (255,255,255) (255,255,255) (255,255,255) (255,255,255) (255,255,255) 
(255,255,255) (255,255,255) (255,255,255) (255,255,255) (255,255,255) (255,255,255) (255,255,255) (255,255,255) 
(255,255,255) (255,255,255) (255,255,255) (255,255,255) (255,255,255) (255,255,255) (255,255,255) (255,255,255) 
(255,255,255) (255,255,255) (255,255,255) (255,255,255) (255,255,255) (255,255,255) (255,255,255) (255,255,255) 
(255,255,255) (255,255,255) (255,255,255) (255,255,255) (255,255,255) (255,255,255) (255,255,255) (255,255,255) 
(0,8)-(8,8)
(255,255,255) (255,255,255) (255,255,255) (255,255,255) (255,255,255) (255,255,255) (255,255,255) (255,255,255) 
(255,255,255) (255,255,255) (255,255,255) (255,255,255) (255,255,255) (255,255,255) (255,255,255) (255,255,255) 
(255,255,255) (255,255,255) (255,255,255) (255,255,255) (255,255,255) (255,255,255) (255,255,255) (255,255,255) 
(255,255,255) (255,255,255) (255,255,255) (255,255,255) (255,255,255) (255,255,255) (255,255,255) (255,255,255) 
(255,255,255) (255,255,255) (255,255,255) (255,255,255) (255,255,255) (255,255,255) (255,255,255) (255,255,255) 
(255,255,255) (255,255,255) (255,255,255) (255,255,255) (255,255,255) (255,255,255) (255,255,255) (255,255,255) 
(255,255,255) (255,255,255) (255,255,255) (255,255,255) (255,255,255) (255,255,255) (255,255,255) (255,255,255) 
(255,255,255) (255,255,255) (255,255,255) (255,255,255) (255,255,255) (255,255,255) (255,255,255) (255,255,255) 
(8,8)-(8,8)
(  0,  0,  0) (  0,  0,  0) (  0,  0,  0) (  0,  0,  0) (  0,  0,  0) (  0,  0,  0) (  0,  0,  0) (  0,  0,  0) 
(  0,  0,  0) (  0,  0,  0) (  0,  0,  0) (  0,  0,  0) (  0,  0,  0) (  0,  0,  0) (  0,  0,  0) (  0,  0,  0) 
(  0,  0,  0) (  0,  0,  0) (  0,  0,  0) (  0,  0,  0) (  0,  0,  0) (  0,  0,  0) (  0,  0,  0) (  0,  0,  0) 
(  0,  0,  0) (  0,  0,  0) (  0,  0,  0) (  0,  0,  0) (  0,  0,  0) (  0,  0,  0) (  0,  0,  0) (  0,  0,  0) 
(  0,  0,  0) (  0,  0,  0) (  0,  0,  0) (  0,  0,  0) (  0,  0,  0) (  0,  0,  0) (  0,  0,  0) (  0,  0,  0) 
(  0,  0,  0) (  0,  0,  0) (  0,  0,  0) (  0,  0,  0) (  0,  0,  0) (  0,  0,  0) (  0,  0,  0) (  0,  0,  0) 
(  0,  0,  0) (  0,  0,  0) (  0,  0,  0) (  0,  0,  0) (  0,  0,  0) (  0,  0,  0) (  0,  0,  0) (  0,  0,  0) 
(  0,  0,  0) (  0,  0,  0) (  0,  0,  0) (  0,  0,  0) (  0,  0,  0) (  0,  0,  0) (  0,  0,  0) (  0,  0,  0) 
(8,8)-(8,8)
(  0,  0,  0) (  0,  0,  0) (  0,  0,  0) (  0,  0,  0) (  0,  0,  0) (  0,  0,  0) (  0,  0,  0) (  0,  0,  0) 
(  0,  0,  0) (  0,  0,  0) (  0,  0,  0) (  0,  0,  0) (  0,  0,  0) (  0,  0,  0) (  0,  0,  0) (  0,  0,  0) 
(  0,  0,  0) (  0,  0,  0) (  0,  0,  0) (  0,  0,  0) (  0,  0,  0) (  0,  0,  0) (  0,  0,  0) (  0,  0,  0) 
(  0,  0,  0) (  0,  0,  0) (  0,  0,  0) (  0,  0,  0) (  0,  0,  0) (  0,  0,  0) (  0,  0,  0) (  0,  0,  0) 
(  0,  0,  0) (  0,  0,  0) (  0,  0,  0) (  0,  0,  0) (  0,  0,  0) (  0,  0,  0) (  0,  0,  0) (  0,  0,  0) 
(  0,  0,  0) (  0,  0,  0) (  0,  0,  0) (  0,  0,  0) (  0,  0,  0) (  0,  0,  0) (  0,  0,  0) (  0,  0,  0) 
(  0,  0,  0) (  0,  0,  0) (  0,  0,  0) (  0,  0,  0) (  0,  0,  0) (  0,  0,  0) (  0,  0,  0) (  0,  0,  0) 
(  0,  0,  0) (  0,  0,  0) (  0,  0,  0) (  0,  0,  0) (  0,  0,  0) (  0,  0,  0) (  0,  0,  0) (  0,  0,  0) 



sizeof(zjd_t): 268
Memory Pool: 1452
samples/checker_16x16_40.jpg Total: 1720
