Preparing JPEG decoder...
(0,0)-(8,8)
( 76, 76, 76) ( 76, 76, 76) ( 76, 76, 76) ( 76, 76, 76) ( 76, 76, 76) ( 76, 76, 76) ( 76, 76, 76) ( 76, 76, 76) 
( 76, 76, 76) ( 76, 76, 76) ( 76, 76, 76) ( 76, 76, 76) ( 76, 76, 76) ( 76, 76, 76) ( 76, 76, 76) ( 76, 76, 76) 
( 76, 76, 76) ( 76, 76, 76) ( 76, 76, 76) ( 76, 76, 76) ( 76, 76, 76) ( 76, 76, 76) ( 76, 76, 76) ( 76, 76, 76) 
( 76, 76, 76) ( 76, 76, 76) ( 76, 76, 76) ( 76, 76, 76) ( 76, 76, 76) ( 76, 76, 76) ( 76, 76, 76) ( 76, 76, 76) 
( 76, 76, 76) ( 76, 76, 76) ( 76, 76, 76) ( 76, 76, 76) ( 76, 76, 76) ( 76, 76, 76) ( 76, 76, 76) ( 76, 76, 76) 
( 76, 76, 76) ( 76, 76, 76) ( 76, 76, 76) ( 76, 76, 76) ( 76, 76, 76) ( 76, 76, 76) ( 76, 76, 76) ( 76, 76, 76) 
( 76, 76, 76) ( 76, 76, 76) ( 76, 76, 76) ( 76, 76, 76) ( 76, 76, 76) ( 76, 76, 76) ( 76, 76, 76) ( 76, 76, 76) 
( 76, 76, 76) ( 76, 76, 76) ( 76, 76, 76) ( 76, 76, 76) ( 76, 76, 76) ( 76, 76, 76) ( 76, 76, 76) ( 76, 76, 76) 
(8,0)-(8,8)
(150,150,150) (150,150,150) (150,150,150) (150,150,150) (150,150,150) (150,150,150) (150,150,150) (150,150,150) 
(150,150,150) (150,150,150) (150,150,150) (150,150,150) (150,150,150) (150,150,150) (150,150,150) (150,150,150) 
(150,150,150) (150,150,150) (150,150,150) (150,150,150) (150,150,150) (150,150,150) (150,150,150) (150,150,150) 
(150,150,150) (150,150,150) (150,150,150) (150,150,150) (150,150,150) (150,150,150) (150,150,150) (150,150,150) 
(150,150,150) (150,150,150) (150,150,150) (150,150,150) (150,150,150) (150,150,150) (150,150,150) (150,150,150) 
(150,150,150) (150,150,150) (150,150,150) (150,150,150) (150,150,150) (150,150,150) (150,150,150) (150,150,150) 
(150,150,150) (150,150,150) (150,150,150) (150,150,150) (150,150,150) (150,150,150) (150,150,150) (150,150,150) 
(150,150,150) (150,150,150) (150,150,150) (150,150,150) (150,150,150) (150,150,150) (150,150,150) (150,150,150) 
(0,8)-(8,8)
( 29, 29, 29) ( 29, 29, 29) ( 29, 29, 29) ( 29, 29, 29) ( 29, 29, 29) ( 29, 29, 29) ( 29, 29, 29) ( 29, 29, 29) 
( 29, 29, 29) ( 29, 29, 29) ( 29, 29, 29) ( 29, 29, 29) ( 29, 29, 29) ( 29, 29, 29) ( 29, 29, 29) ( 29, 29, 29) 
( 29, 29, 29) ( 29, 29, 29) ( 29, 29, 29) ( 29, 29, 29) ( 29, 29, 29) ( 29, 29, 29) ( 29, 29, 29) ( 29, 29, 29) 
( 29, 29, 29) ( 29, 29, 29) ( 29, 29, 29) ( 29, 29, 29) ( 29, 29, 29) ( 29, 29, 29) ( 29, 29, 29) ( 29, 29, 29) 
( 29, 29, 29) ( 29, 29, 29) ( 29, 29, 29) ( 29, 29, 29) ( 29, 29, 29) ( 29, 29, 29) ( 29, 29, 29) ( 29, 29, 29) 
( 29, 29, 29) ( 29, 29, 29) ( 29, 29, 29) ( 29, 29, 29) ( 29, 29, 29) ( 29, 29, 29) ( 29, 29, 29) ( 29, 29, 29) 
( 29, 29, 29) ( 29, 29, 29) ( 29, 29, 29) ( 29, 29, 29) ( 29, 29, 29) ( 29, 29, 29) ( 29, 29, 29) ( 29, 29, 29) 
( 29, 29, 29) ( 29, 29, 29) ( 29, 29, 29) ( 29, 29, 29) ( 29, 29, 29) ( 29, 29, 29) ( 29, 29, 29) ( 29, 29, 29) 
(8,8)-(8,8)
(255,255,255) (255,255,255) (255,255,255) (255,255,255) (255,255,255) (255,255,255) (255,255,255) (255,255,255) 
(255,255,255) (255,255,255) (255,255,255) (255,255,255) (255,255,255) (255,255,255) (255,255,255) (255,255,255) 
(255,255,255) (255,255,255) (255,255,255) (255,255,255) (255,255,255) (255,255,255) (255,255,255) (255,255,255) 
(255,255,255) (255,255,255) (255,255,255) (255,255,255) (255,255,255) (255,255,255) (255,255,255) (255,255,255) 
(255,255,255) (255,255,255) (255,255,255) (255,255,255) (255,255,255) (255,255,255) (255,255,255) (255,255,255) 
(255,255,255) (255,255,255) (255,255,255) (255,255,255) (255,255,255) (255,255,255) (255,255,255) (255,255,255) 
(255,255,255) (255,255,255) (255,255,255) (255,255,255) (255,255,255) (255,255,255) (255,255,255) (255,255,255) 
(255,255,255) (255,255,255) (255,255,255) (255,255,255) (255,255,255) (255,255,255) (255,255,255) (255,255,255) 
(8,8)-(8,8)
(255,255,255) (255,255,255) (255,255,255) (255,255,255) (255,255,255) (255,255,255) (255,255,255) (255,255,255) 
(255,255,255) (255,255,255) (255,255,255) (255,255,255) (255,255,255) (255,255,255) (255,255,255) (255,255,255) 
(255,255,255) (255,255,255) (255,255,255) (255,255,255) (255,255,255) (255,255,255) (255,255,255) (255,255,255) 
(255,255,255) (255,255,255) (255,255,255) (255,255,255) (255,255,255) (255,255,255) (255,255,255) (255,255,255) 
(255,255,255) (255,255,255) (255,255,255) (255,255,255) (255,255,255) (255,255,255) (255,255,255) (255,255,255) 
(255,255,255) (255,255,255) (255,255,255) (255,255,255) (255,255,255) (255,255,255) (255,255,255) (255,255,255) 
(255,255,255) (255,255,255) (255,255,255) (255,255,255) (255,255,255) (255,255,255) (255,255,255) (255,255,255) 
(255,255,255) (255,255,255) (255,255,255) (255,255,255) (255,255,255) (255,255,255) (255,255,255) (255,255,255) 



sizeof(zjd_t): 268
Memory Pool: 1452
samples/rgbw_yuv400.jpg Total: 1720
