Preparing JPEG decoder...
(0,0)-(8,8)
(253,  1,  0) (253,  1,  0) (253,  1,  0) (253,  1,  0) (253,  1,  0) (253,  1,  0) (253,  1,  0) (253,  1,  0) 
(253,  1,  0) (253,  1,  0) (253,  1,  0) (253,  1,  0) (253,  1,  0) (253,  1,  0) (253,  1,  0) (253,  1,  0) 
(253,  1,  0) (253,  1,  0) (253,  1,  0) (253,  1,  0) (253,  1,  0) (253,  1,  0) (253,  1,  0) (253,  1,  0) 
(253,  1,  0) (253,  1,  0) (253,  1,  0) (253,  1,  0) (253,  1,  0) (253,  1,  0) (253,  1,  0) (253,  1,  0) 
(253,  1,  0) (253,  1,  0) (253,  1,  0) (253,  1,  0) (253,  1,  0) (253,  1,  0) (253,  1,  0) (253,  1,  0) 
(253,  1,  0) (253,  1,  0) (253,  1,  0) (253,  1,  0) (253,  1,  0) (253,  1,  0) (253,  1,  0) (253,  1,  0) 
(253,  1,  0) (253,  1,  0) (253,  1,  0) (253,  1,  0) (253,  1,  0) (253,  1,  0) (253,  1,  0) (253,  1,  0) 
(253,  1,  0) (253,  1,  0) (253,  1,  0) (253,  1,  0) (253,  1,  0) (253,  1,  0) (253,  1,  0) (253,  1,  0) 
(8,0)-(8,8)
(  1,255,  2) (  1,255,  2) (  1,255,  2) (  1,255,  2) (  1,255,  2) (  1,255,  2) (  1,255,  2) (  1,255,  2) 
(  1,255,  2) (  1,255,  2) (  1,255,  2) (  1,255,  2) (  1,255,  2) (  1,255,  2) (  1,255,  2) (  1,255,  2) 
(  1,255,  2) (  1,255,  2) (  1,255,  2) (  1,255,  2) (  1,255,  2) (  1,255,  2) (  1,255,  2) (  1,255,  2) 
(  1,255,  2) (  1,255,  2) (  1,255,  2) (  1,255,  2) (  1,255,  2) (  1,255,  2) (  1,255,  2) (  1,255,  2) 
(  1,255,  2) (  1,255,  2) (  1,255,  2) (  1,255,  2) (  1,255,  2) (  1,255,  2) (  1,255,  2) (  1,255,  2) 
(  1,255,  2) (  1,255,  2) (  1,255,  2) (  1,255,  2) (  1,255,  2) (  1,255,  2) (  1,255,  2) (  1,255,  2) 
(  1,255,  2) (  1,255,  2) (  1,255,  2) (  1,255,  2) (  1,255,  2) (  1,255,  2) (  1,255,  2) (  1,255,  2) 
(  1,255,  2) (  1,255,  2) (  1,255,  2) (  1,255,  2) (  1,255,  2) (  1,255,  2) (  1,255,  2) (  1,255,  2) 
(0,8)-(8,8)
(  0,  1,253) (  0,  1,253) (  0,  1,253) (  0,  1,253) (  0,  1,253) (  0,  1,253) (  0,  1,253) (  0,  1,253) 
(  0,  1,253) (  0,  1,253) (  0,  1,253) (  0,  1,253) (  0,  1,253) (  0,  1,253) (  0,  1,253) (  0,  1,253) 
(  0,  1,253) (  0,  1,253) (  0,  1,253) (  0,  1,253) (  0,  1,253) (  0,  1,253) (  0,  1,253) (  0,  1,253) 
(  0,  1,253) (  0,  1,253) (  0,  1,253) (  0,  1,253) (  0,  1,253) (  0,  1,253) (  0,  1,253) (  0,  1,253) 
(  0,  1,253) (  0,  1,253) (  0,  1,253) (  0,  1,253) (  0,  1,253) (  0,  1,253) (  0,  1,253) (  0,  1,253) 
(  0,  1,253) (  0,  1,253) (  0,  1,253) (  0,  1,253) (  0,  1,253) (  0,  1,253) (  0,  1,253) (  0,  1,253) 
(  0,  1,253) (  0,  1,253) (  0,  1,253) (  0,  1,253) (  0,  1,253) (  0,  1,253) (  0,  1,253) (  0,  1,253) 
(  0,  1,253) (  0,  1,253) (  0,  1,253) (  0,  1,253) (  0,  1,253) (  0,  1,253) (  0,  1,253) (  0,  1,253) 
(8,8)-(8,8)
(255,255,255) (255,255,255) (255,255,255) (255,255,255) (255,255,255) (255,255,255) (255,255,255) (255,255,255) 
(255,255,255) (255,255,255) (255,255,255) (255,255,255) (255,255,255) (255,255,255) (255,255,255) (255,255,255) 
(255,255,255) (255,255,255) (255,255,255) (255,255,255) (255,255,255) (255,255,255) (255,255,255) (255,255,255) 
(255,255,255) (255,255,255) (255,255,255) (255,255,255) (255,255,255) (255,255,255) (255,255,255) (255,255,255) 
(255,255,255) (255,255,255) (255,255,255) (255,255,255) (255,255,255) (255,255,255) (255,255,255) (255,255,255) 
(255,255,255) (255,255,255) (255,255,255) (255,255,255) (255,255,255) (255,255,255) (255,255,255) (255,255,255) 
(255,255,255) (255,255,255) (255,255,255) (255,255,255) (255,255,255) (255,255,255) (255,255,255) (255,255,255) 
(255,255,255) (255,255,255) (255,255,255) (255,255,255) (255,255,255) (255,255,255) (255,255,255) (255,255,255) 
(8,8)-(8,8)
(255,255,255) (255,255,255) (255,255,255) (255,255,255) (255,255,255) (255,255,255) (255,255,255) (255,255,255) 
(255,255,255) (255,255,255) (255,255,255) (255,255,255) (255,255,255) (255,255,255) (255,255,255) (255,255,255) 
(255,255,255) (255,255,255) (255,255,255) (255,255,255) (255,255,255) (255,255,255) (255,255,255) (255,255,255) 
(255,255,255) (255,255,255) (255,255,255) (255,255,255) (255,255,255) (255,255,255) (255,255,255) (255,255,255) 
(255,255,255) (255,255,255) (255,255,255) (255,255,255) (255,255,255) (255,255,255) (255,255,255) (255,255,255) 
(255,255,255) (255,255,255) (255,255,255) (255,255,255) (255,255,255) (255,255,255) (255,255,255) (255,255,255) 
(255,255,255) (255,255,255) (255,255,255) (255,255,255) (255,255,255) (255,255,255) (255,255,255) (255,255,255) 
(255,255,255) (255,255,255) (255,255,255) (255,255,255) (255,255,255) (255,255,255) (255,255,255) (255,255,255) 



sizeof(zjd_t): 268
Memory Pool: 2264
samples/rgbw_yuv444.jpg Total: 2532
