Preparing JPEG decoder...
rd 0 2
SOI
rd 2 2
rd 4 2
Skip segment marker E0,14
rd 6 14
rd 20 2
rd 22 2
rd 24 65

Quantization Table ID: 0
16384 11362 10703 19264 16384 25744 22165 13560 
11362 15760 14846 26722 34086 53562 36894 18804 
10703 14846 27968 25170 42812 50454 40544 17718 
 9632 26722 25170 33978 48160 68112 41704 15942 
16384 22724 42812 57792 57344 70796 44330 18080 
12872 35708 50454 45408 51488 50570 38313 15975 
22165 36894 46336 46917 44330 41796 28788 12230 
15820 28206 29530 26570 24860 17750 12230  6230 
rd 89 2
rd 91 2
rd 93 65

Quantization Table ID: 1
16384 22724 21406 48160 81920 64360 44330 22600 
22724 31520 44538 93527 113620 89270 61490 31340 
21406 44538 83904 125850 107030 84090 57920 29530 
48160 93527 125850 113260 96320 75680 52130 26570 
81920 113620 107030 96320 81920 64360 44330 22600 
64360 89270 84090 75680 64360 50570 34830 17750 
44330 61490 57920 52130 44330 34830 23990 12230 
22600 31340 29530 26570 22600 17750 12230  6230 
rd 158 2
rd 160 2
rd 162 15
SOF0 start of frame, w: 16, h: 16, ncomp: 3, msx: 1, msy: 1, qtid:
00 01 01 
rd 177 2
rd 179 2
rd 181 29

Table Number: 0, Class: DC, Huffman Table [0][0]:
index, bits, code(hex), code(bin), data
  0,  2, 0000,                00, 00
  1,  3, 0002,               010, 01
  2,  3, 0003,               011, 02
  3,  3, 0004,               100, 03
  4,  3, 0005,               101, 04
  5,  3, 0006,               110, 05
  6,  4, 000E,              1110, 06
  7,  5, 001E,             11110, 07
  8,  6, 003E,            111110, 08
  9,  7, 007E,           1111110, 09
 10,  8, 00FE,          11111110, 0A
 11,  9, 01FE,         111111110, 0B
rd 210 2
rd 212 2
rd 214 179

Table Number: 0, Class: AC, Huffman Table [0][1]:
index, bits, code(hex), code(bin), data
  0,  2, 0000,                00, 01
  1,  2, 0001,                01, 02
  2,  3, 0004,               100, 03
  3,  4, 000A,              1010, 00
  4,  4, 000B,              1011, 04
  5,  4, 000C,              1100, 11
  6,  5, 001A,             11010, 05
  7,  5, 001B,             11011, 12
  8,  5, 001C,             11100, 21
  9,  6, 003A,            111010, 31
 10,  6, 003B,            111011, 41
 11,  7, 0078,           1111000, 06
 12,  7, 0079,           1111001, 13
 13,  7, 007A,           1111010, 51
 14,  7, 007B,           1111011, 61
 15,  8, 00F8,          11111000, 07
 16,  8, 00F9,          11111001, 22
 17,  8, 00FA,          11111010, 71
 18,  9, 01F6,         111110110, 14
 19,  9, 01F7,         111110111, 32
 20,  9, 01F8,         111111000, 81
 21,  9, 01F9,         111111001, 91
 22,  9, 01FA,         111111010, A1
 23, 10, 03F6,        1111110110, 08
 24, 10, 03F7,        1111110111, 23
 25, 10, 03F8,        1111111000, 42
 26, 10, 03F9,        1111111001, B1
 27, 10, 03FA,        1111111010, C1
 28, 11, 07F6,       11111110110, 15
 29, 11, 07F7,       11111110111, 52
 30, 11, 07F8,       11111111000, D1
 31, 11, 07F9,       11111111001, F0
 32, 12, 0FF4,      111111110100, 24
 33, 12, 0FF5,      111111110101, 33
 34, 12, 0FF6,      111111110110, 62
 35, 12, 0FF7,      111111110111, 72
 36, 15, 7FC0,   111111111000000, 82
 37, 16, FF82,  1111111110000010, 09
 38, 16, FF83,  1111111110000011, 0A
 39, 16, FF84,  1111111110000100, 16
 40, 16, FF85,  1111111110000101, 17
 41, 16, FF86,  1111111110000110, 18
 42, 16, FF87,  1111111110000111, 19
 43, 16, FF88,  1111111110001000, 1A
 44, 16, FF89,  1111111110001001, 25
 45, 16, FF8A,  1111111110001010, 26
 46, 16, FF8B,  1111111110001011, 27
 47, 16, FF8C,  1111111110001100, 28
 48, 16, FF8D,  1111111110001101, 29
 49, 16, FF8E,  1111111110001110, 2A
 50, 16, FF8F,  1111111110001111, 34
 51, 16, FF90,  1111111110010000, 35
 52, 16, FF91,  1111111110010001, 36
 53, 16, FF92,  1111111110010010, 37
 54, 16, FF93,  1111111110010011, 38
 55, 16, FF94,  1111111110010100, 39
 56, 16, FF95,  1111111110010101, 3A
 57, 16, FF96,  1111111110010110, 43
 58, 16, FF97,  1111111110010111, 44
 59, 16, FF98,  1111111110011000, 45
 60, 16, FF99,  1111111110011001, 46
 61, 16, FF9A,  1111111110011010, 47
 62, 16, FF9B,  1111111110011011, 48
 63, 16, FF9C,  1111111110011100, 49
 64, 16, FF9D,  1111111110011101, 4A
 65, 16, FF9E,  1111111110011110, 53
 66, 16, FF9F,  1111111110011111, 54
 67, 16, FFA0,  1111111110100000, 55
 68, 16, FFA1,  1111111110100001, 56
 69, 16, FFA2,  1111111110100010, 57
 70, 16, FFA3,  1111111110100011, 58
 71, 16, FFA4,  1111111110100100, 59
 72, 16, FFA5,  1111111110100101, 5A
 73, 16, FFA6,  1111111110100110, 63
 74, 16, FFA7,  1111111110100111, 64
 75, 16, FFA8,  1111111110101000, 65
 76, 16, FFA9,  1111111110101001, 66
 77, 16, FFAA,  1111111110101010, 67
 78, 16, FFAB,  1111111110101011, 68
 79, 16, FFAC,  1111111110101100, 69
 80, 16, FFAD,  1111111110101101, 6A
 81, 16, FFAE,  1111111110101110, 73
 82, 16, FFAF,  1111111110101111, 74
 83, 16, FFB0,  1111111110110000, 75
 84, 16, FFB1,  1111111110110001, 76
 85, 16, FFB2,  1111111110110010, 77
 86, 16, FFB3,  1111111110110011, 78
 87, 16, FFB4,  1111111110110100, 79
 88, 16, FFB5,  1111111110110101, 7A
 89, 16, FFB6,  1111111110110110, 83
 90, 16, FFB7,  1111111110110111, 84
 91, 16, FFB8,  1111111110111000, 85
 92, 16, FFB9,  1111111110111001, 86
 93, 16, FFBA,  1111111110111010, 87
 94, 16, FFBB,  1111111110111011, 88
 95, 16, FFBC,  1111111110111100, 89
 96, 16, FFBD,  1111111110111101, 8A
 97, 16, FFBE,  1111111110111110, 92
 98, 16, FFBF,  1111111110111111, 93
 99, 16, FFC0,  1111111111000000, 94
100, 16, FFC1,  1111111111000001, 95
101, 16, FFC2,  1111111111000010, 96
102, 16, FFC3,  1111111111000011, 97
103, 16, FFC4,  1111111111000100, 98
104, 16, FFC5,  1111111111000101, 99
105, 16, FFC6,  1111111111000110, 9A
106, 16, FFC7,  1111111111000111, A2
107, 16, FFC8,  1111111111001000, A3
108, 16, FFC9,  1111111111001001, A4
109, 16, FFCA,  1111111111001010, A5
110, 16, FFCB,  1111111111001011, A6
111, 16, FFCC,  1111111111001100, A7
112, 16, FFCD,  1111111111001101, A8
113, 16, FFCE,  1111111111001110, A9
114, 16, FFCF,  1111111111001111, AA
115, 16, FFD0,  1111111111010000, B2
116, 16, FFD1,  1111111111010001, B3
117, 16, FFD2,  1111111111010010, B4
118, 16, FFD3,  1111111111010011, B5
119, 16, FFD4,  1111111111010100, B6
120, 16, FFD5,  1111111111010101, B7
121, 16, FFD6,  1111111111010110, B8
122, 16, FFD7,  1111111111010111, B9
123, 16, FFD8,  1111111111011000, BA
124, 16, FFD9,  1111111111011001, C2
125, 16, FFDA,  1111111111011010, C3
126, 16, FFDB,  1111111111011011, C4
127, 16, FFDC,  1111111111011100, C5
128, 16, FFDD,  1111111111011101, C6
129, 16, FFDE,  1111111111011110, C7
130, 16, FFDF,  1111111111011111, C8
131, 16, FFE0,  1111111111100000, C9
132, 16, FFE1,  1111111111100001, CA
133, 16, FFE2,  1111111111100010, D2
134, 16, FFE3,  1111111111100011, D3
135, 16, FFE4,  1111111111100100, D4
136, 16, FFE5,  1111111111100101, D5
137, 16, FFE6,  1111111111100110, D6
138, 16, FFE7,  1111111111100111, D7
139, 16, FFE8,  1111111111101000, D8
140, 16, FFE9,  1111111111101001, D9
141, 16, FFEA,  1111111111101010, DA
142, 16, FFEB,  1111111111101011, E1
143, 16, FFEC,  1111111111101100, E2
144, 16, FFED,  1111111111101101, E3
145, 16, FFEE,  1111111111101110, E4
146, 16, FFEF,  1111111111101111, E5
147, 16, FFF0,  1111111111110000, E6
148, 16, FFF1,  1111111111110001, E7
149, 16, FFF2,  1111111111110010, E8
150, 16, FFF3,  1111111111110011, E9
151, 16, FFF4,  1111111111110100, EA
152, 16, FFF5,  1111111111110101, F1
153, 16, FFF6,  1111111111110110, F2
154, 16, FFF7,  1111111111110111, F3
155, 16, FFF8,  1111111111111000, F4
156, 16, FFF9,  1111111111111001, F5
157, 16, FFFA,  1111111111111010, F6
158, 16, FFFB,  1111111111111011, F7
159, 16, FFFC,  1111111111111100, F8
160, 16, FFFD,  1111111111111101, F9
161, 16, FFFE,  1111111111111110, FA
rd 393 2
rd 395 2
rd 397 29

Table Number: 1, Class: DC, Huffman Table [1][0]:
index, bits, code(hex), code(bin), data
  0,  2, 0000,                00, 00
  1,  2, 0001,                01, 01
  2,  2, 0002,                10, 02
  3,  3, 0006,               110, 03
  4,  4, 000E,              1110, 04
  5,  5, 001E,             11110, 05
  6,  6, 003E,            111110, 06
  7,  7, 007E,           1111110, 07
  8,  8, 00FE,          11111110, 08
  9,  9, 01FE,         111111110, 09
 10, 10, 03FE,        1111111110, 0A
 11, 11, 07FE,       11111111110, 0B
rd 426 2
rd 428 2
rd 430 179

Table Number: 1, Class: AC, Huffman Table [1][1]:
index, bits, code(hex), code(bin), data
  0,  2, 0000,                00, 00
  1,  2, 0001,                01, 01
  2,  3, 0004,               100, 02
  3,  4, 000A,              1010, 03
  4,  4, 000B,              1011, 11
  5,  5, 0018,             11000, 04
  6,  5, 0019,             11001, 05
  7,  5, 001A,             11010, 21
  8,  5, 001B,             11011, 31
  9,  6, 0038,            111000, 06
 10,  6, 0039,            111001, 12
 11,  6, 003A,            111010, 41
 12,  6, 003B,            111011, 51
 13,  7, 0078,           1111000, 07
 14,  7, 0079,           1111001, 61
 15,  7, 007A,           1111010, 71
 16,  8, 00F6,          11110110, 13
 17,  8, 00F7,          11110111, 22
 18,  8, 00F8,          11111000, 32
 19,  8, 00F9,          11111001, 81
 20,  9, 01F4,         111110100, 08
 21,  9, 01F5,         111110101, 14
 22,  9, 01F6,         111110110, 42
 23,  9, 01F7,         111110111, 91
 24,  9, 01F8,         111111000, A1
 25,  9, 01F9,         111111001, B1
 26,  9, 01FA,         111111010, C1
 27, 10, 03F6,        1111110110, 09
 28, 10, 03F7,        1111110111, 23
 29, 10, 03F8,        1111111000, 33
 30, 10, 03F9,        1111111001, 52
 31, 10, 03FA,        1111111010, F0
 32, 11, 07F6,       11111110110, 15
 33, 11, 07F7,       11111110111, 62
 34, 11, 07F8,       11111111000, 72
 35, 11, 07F9,       11111111001, D1
 36, 12, 0FF4,      111111110100, 0A
 37, 12, 0FF5,      111111110101, 16
 38, 12, 0FF6,      111111110110, 24
 39, 12, 0FF7,      111111110111, 34
 40, 14, 3FE0,    11111111100000, E1
 41, 15, 7FC2,   111111111000010, 25
 42, 15, 7FC3,   111111111000011, F1
 43, 16, FF88,  1111111110001000, 17
 44, 16, FF89,  1111111110001001, 18
 45, 16, FF8A,  1111111110001010, 19
 46, 16, FF8B,  1111111110001011, 1A
 47, 16, FF8C,  1111111110001100, 26
 48, 16, FF8D,  1111111110001101, 27
 49, 16, FF8E,  1111111110001110, 28
 50, 16, FF8F,  1111111110001111, 29
 51, 16, FF90,  1111111110010000, 2A
 52, 16, FF91,  1111111110010001, 35
 53, 16, FF92,  1111111110010010, 36
 54, 16, FF93,  1111111110010011, 37
 55, 16, FF94,  1111111110010100, 38
 56, 16, FF95,  1111111110010101, 39
 57, 16, FF96,  1111111110010110, 3A
 58, 16, FF97,  1111111110010111, 43
 59, 16, FF98,  1111111110011000, 44
 60, 16, FF99,  1111111110011001, 45
 61, 16, FF9A,  1111111110011010, 46
 62, 16, FF9B,  1111111110011011, 47
 63, 16, FF9C,  1111111110011100, 48
 64, 16, FF9D,  1111111110011101, 49
 65, 16, FF9E,  1111111110011110, 4A
 66, 16, FF9F,  1111111110011111, 53
 67, 16, FFA0,  1111111110100000, 54
 68, 16, FFA1,  1111111110100001, 55
 69, 16, FFA2,  1111111110100010, 56
 70, 16, FFA3,  1111111110100011, 57
 71, 16, FFA4,  1111111110100100, 58
 72, 16, FFA5,  1111111110100101, 59
 73, 16, FFA6,  1111111110100110, 5A
 74, 16, FFA7,  1111111110100111, 63
 75, 16, FFA8,  1111111110101000, 64
 76, 16, FFA9,  1111111110101001, 65
 77, 16, FFAA,  1111111110101010, 66
 78, 16, FFAB,  1111111110101011, 67
 79, 16, FFAC,  1111111110101100, 68
 80, 16, FFAD,  1111111110101101, 69
 81, 16, FFAE,  1111111110101110, 6A
 82, 16, FFAF,  1111111110101111, 73
 83, 16, FFB0,  1111111110110000, 74
 84, 16, FFB1,  1111111110110001, 75
 85, 16, FFB2,  1111111110110010, 76
 86, 16, FFB3,  1111111110110011, 77
 87, 16, FFB4,  1111111110110100, 78
 88, 16, FFB5,  1111111110110101, 79
 89, 16, FFB6,  1111111110110110, 7A
 90, 16, FFB7,  1111111110110111, 82
 91, 16, FFB8,  1111111110111000, 83
 92, 16, FFB9,  1111111110111001, 84
 93, 16, FFBA,  1111111110111010, 85
 94, 16, FFBB,  1111111110111011, 86
 95, 16, FFBC,  1111111110111100, 87
 96, 16, FFBD,  1111111110111101, 88
 97, 16, FFBE,  1111111110111110, 89
 98, 16, FFBF,  1111111110111111, 8A
 99, 16, FFC0,  1111111111000000, 92
100, 16, FFC1,  1111111111000001, 93
101, 16, FFC2,  1111111111000010, 94
102, 16, FFC3,  1111111111000011, 95
103, 16, FFC4,  1111111111000100, 96
104, 16, FFC5,  1111111111000101, 97
105, 16, FFC6,  1111111111000110, 98
106, 16, FFC7,  1111111111000111, 99
107, 16, FFC8,  1111111111001000, 9A
108, 16, FFC9,  1111111111001001, A2
109, 16, FFCA,  1111111111001010, A3
110, 16, FFCB,  1111111111001011, A4
111, 16, FFCC,  1111111111001100, A5
112, 16, FFCD,  1111111111001101, A6
113, 16, FFCE,  1111111111001110, A7
114, 16, FFCF,  1111111111001111, A8
115, 16, FFD0,  1111111111010000, A9
116, 16, FFD1,  1111111111010001, AA
117, 16, FFD2,  1111111111010010, B2
118, 16, FFD3,  1111111111010011, B3
119, 16, FFD4,  1111111111010100, B4
120, 16, FFD5,  1111111111010101, B5
121, 16, FFD6,  1111111111010110, B6
122, 16, FFD7,  1111111111010111, B7
123, 16, FFD8,  1111111111011000, B8
124, 16, FFD9,  1111111111011001, B9
125, 16, FFDA,  1111111111011010, BA
126, 16, FFDB,  1111111111011011, C2
127, 16, FFDC,  1111111111011100, C3
128, 16, FFDD,  1111111111011101, C4
129, 16, FFDE,  1111111111011110, C5
130, 16, FFDF,  1111111111011111, C6
131, 16, FFE0,  1111111111100000, C7
132, 16, FFE1,  1111111111100001, C8
133, 16, FFE2,  1111111111100010, C9
134, 16, FFE3,  1111111111100011, CA
135, 16, FFE4,  1111111111100100, D2
136, 16, FFE5,  1111111111100101, D3
137, 16, FFE6,  1111111111100110, D4
138, 16, FFE7,  1111111111100111, D5
139, 16, FFE8,  1111111111101000, D6
140, 16, FFE9,  1111111111101001, D7
141, 16, FFEA,  1111111111101010, D8
142, 16, FFEB,  1111111111101011, D9
143, 16, FFEC,  1111111111101100, DA
144, 16, FFED,  1111111111101101, E2
145, 16, FFEE,  1111111111101110, E3
146, 16, FFEF,  1111111111101111, E4
147, 16, FFF0,  1111111111110000, E5
148, 16, FFF1,  1111111111110001, E6
149, 16, FFF2,  1111111111110010, E7
150, 16, FFF3,  1111111111110011, E8
151, 16, FFF4,  1111111111110100, E9
152, 16, FFF5,  1111111111110101, EA
153, 16, FFF6,  1111111111110110, F2
154, 16, FFF7,  1111111111110111, F3
155, 16, FFF8,  1111111111111000, F4
156, 16, FFF9,  1111111111111001, F5
157, 16, FFFA,  1111111111111010, F6
158, 16, FFFB,  1111111111111011, F7
159, 16, FFFC,  1111111111111100, F8
160, 16, FFFD,  1111111111111101, F9
161, 16, FFFE,  1111111111111110, FA
rd 609 2
rd 611 2
rd 613 10
SOS
SOS start of scan:
huff[0]
huff[1]
huff[2]
Cache: 00e6f728, 808
Output format: 3

Ipsf:
 8192 11362 10703  9632  8192  6436  4433  2260 
11362 15760 14846 13361 11362  8927  6149  3134 
10703 14846 13984 12585 10703  8409  5792  2953 
 9632 13361 12585 11326  9632  7568  5213  2657 
 8192 11362 10703  9632  8192  6436  4433  2260 
 6436  8927  8409  7568  6436  5057  3483  1775 
 4433  6149  5792  5213  4433  3483  2399  1223 
 2260  3134  2953  2657  2260  1775  1223   623 

ZigZag:
    0     1     8    16     9     2     3    10 
   17    24    32    25    18    11     4     5 
   12    19    26    33    40    48    41    34 
   27    20    13     6     7    14    21    28 
   35    42    49    56    57    50    43    36 
   29    22    15    23    30    37    44    51 
   58    59    52    45    38    31    39    46 
   53    60    61    54    47    55    62    63 
rd 623 808
Buffer: F8000000 8 F8
Buffer: F8BE0000 16 BE
(x: 0, y: 0), cmp 0, DC table, cls 0, cnt 0, dreg F8BE0000, dbit 16
processing huff, bl0 6, val 08
Buffer: 2FAFC000 18 BF
processing bits, cnt 0 val 08
Found Huffman code: AFC00000 10 | 6 08 -208 -208 -208
Buffer: AFE50000 18 94
(x: 0, y: 0), cmp 0, AC table, cls 1, cnt 1, dreg AFE50000, dbit 18
processing huff, bl0 4, val 00
processing bits, cnt 1 val 00
Found Huffman code: FE500000 14 | 4 00 -208 0 -208
 -208     0     0     0     0     0     0     0 
    0     0     0     0     0     0     0     0 
    0     0     0     0     0     0     0     0 
    0     0     0     0     0     0     0     0 
    0     0     0     0     0     0     0     0 
    0     0     0     0     0     0     0     0 
    0     0     0     0     0     0     0     0 
    0     0     0     0     0     0     0     0 

Buffer: FE533C00 22 CF
(x: 0, y: 0), cmp 1, DC table, cls 0, cnt 0, dreg FE533C00, dbit 22
processing huff, bl0 8, val 08
Buffer: 533FDC00 22 F7
processing bits, cnt 0 val 08
Found Huffman code: 3FDC0000 14 | 8 08 -172 -172 -172
Buffer: 3FDFC000 22 F0
(x: 0, y: 0), cmp 1, AC table, cls 1, cnt 1, dreg 3FDFC000, dbit 22
processing huff, bl0 2, val 00
processing bits, cnt 1 val 00
Found Huffman code: FF7F0000 20 | 2 00 -172 0 -172
 -172     0     0     0     0     0     0     0 
    0     0     0     0     0     0     0     0 
    0     0     0     0     0     0     0     0 
    0     0     0     0     0     0     0     0 
    0     0     0     0     0     0     0     0 
    0     0     0     0     0     0     0     0 
    0     0     0     0     0     0     0     0 
    0     0     0     0     0     0     0     0 

(x: 0, y: 0), cmp 2, DC table, cls 0, cnt 0, dreg FF7F0000, dbit 20
processing huff, bl0 9, val 09
Buffer: FE1FA000 19 FD
processing bits, cnt 0 val 09
Found Huffman code: 3F400000 10 | 9 09 508 508 508
Buffer: 3F4A0000 18 28
(x: 0, y: 0), cmp 2, AC table, cls 1, cnt 1, dreg 3F4A0000, dbit 18
processing huff, bl0 2, val 00
processing bits, cnt 1 val 00
Found Huffman code: FD280000 16 | 2 00 508 0 508
  508     0     0     0     0     0     0     0 
    0     0     0     0     0     0     0     0 
    0     0     0     0     0     0     0     0 
    0     0     0     0     0     0     0     0 
    0     0     0     0     0     0     0     0 
    0     0     0     0     0     0     0     0 
    0     0     0     0     0     0     0     0 
    0     0     0     0     0     0     0     0 

Component 0:
TMP:
-13312     0     0     0     0     0     0     0 
    0     0     0     0     0     0     0     0 
    0     0     0     0     0     0     0     0 
    0     0     0     0     0     0     0     0 
    0     0     0     0     0     0     0     0 
    0     0     0     0     0     0     0     0 
    0     0     0     0     0     0     0     0 
    0     0     0     0     0     0     0     0 
  P:
   76    76    76    76    76    76    76    76 
   76    76    76    76    76    76    76    76 
   76    76    76    76    76    76    76    76 
   76    76    76    76    76    76    76    76 
   76    76    76    76    76    76    76    76 
   76    76    76    76    76    76    76    76 
   76    76    76    76    76    76    76    76 
   76    76    76    76    76    76    76    76 
Component 1:
TMP:
-11008     0     0     0     0     0     0     0 
    0     0     0     0     0     0     0     0 
    0     0     0     0     0     0     0     0 
    0     0     0     0     0     0     0     0 
    0     0     0     0     0     0     0     0 
    0     0     0     0     0     0     0     0 
    0     0     0     0     0     0     0     0 
    0     0     0     0     0     0     0     0 
  P:
   85    85    85    85    85    85    85    85 
   85    85    85    85    85    85    85    85 
   85    85    85    85    85    85    85    85 
   85    85    85    85    85    85    85    85 
   85    85    85    85    85    85    85    85 
   85    85    85    85    85    85    85    85 
   85    85    85    85    85    85    85    85 
   85    85    85    85    85    85    85    85 
Component 2:
TMP:
32512     0     0     0     0     0     0     0 
    0     0     0     0     0     0     0     0 
    0     0     0     0     0     0     0     0 
    0     0     0     0     0     0     0     0 
    0     0     0     0     0     0     0     0 
    0     0     0     0     0     0     0     0 
    0     0     0     0     0     0     0     0 
    0     0     0     0     0     0     0     0 
  P:
  255   255   255   255   255   255   255   255 
  255   255   255   255   255   255   255   255 
  255   255   255   255   255   255   255   255 
  255   255   255   255   255   255   255   255 
  255   255   255   255   255   255   255   255 
  255   255   255   255   255   255   255   255 
  255   255   255   255   255   255   255   255 
  255   255   255   255   255   255   255   255 
(0,0)-(8,8)
(253,  1,  0) (253,  1,  0) (253,  1,  0) (253,  1,  0) (253,  1,  0) (253,  1,  0) (253,  1,  0) (253,  1,  0) 
(253,  1,  0) (253,  1,  0) (253,  1,  0) (253,  1,  0) (253,  1,  0) (253,  1,  0) (253,  1,  0) (253,  1,  0) 
(253,  1,  0) (253,  1,  0) (253,  1,  0) (253,  1,  0) (253,  1,  0) (253,  1,  0) (253,  1,  0) (253,  1,  0) 
(253,  1,  0) (253,  1,  0) (253,  1,  0) (253,  1,  0) (253,  1,  0) (253,  1,  0) (253,  1,  0) (253,  1,  0) 
(253,  1,  0) (253,  1,  0) (253,  1,  0) (253,  1,  0) (253,  1,  0) (253,  1,  0) (253,  1,  0) (253,  1,  0) 
(253,  1,  0) (253,  1,  0) (253,  1,  0) (253,  1,  0) (253,  1,  0) (253,  1,  0) (253,  1,  0) (253,  1,  0) 
(253,  1,  0) (253,  1,  0) (253,  1,  0) (253,  1,  0) (253,  1,  0) (253,  1,  0) (253,  1,  0) (253,  1,  0) 
(253,  1,  0) (253,  1,  0) (253,  1,  0) (253,  1,  0) (253,  1,  0) (253,  1,  0) (253,  1,  0) (253,  1,  0) 
MCU context updated: oft 632, dreg FD280000, dbit 16, d 40, x 8, y 0, dcv -208 -172 508
(x: 8, y: 0), cmp 0, DC table, cls 0, cnt 0, dreg FD280000, dbit 16
processing huff, bl0 7, val 09
Buffer: 94578000 17 AF
processing bits, cnt 0 val 09
Found Huffman code: AF000000 8 | 7 09 88 296 88
Buffer: AFE50000 16 E5
(x: 8, y: 0), cmp 0, AC table, cls 1, cnt 1, dreg AFE50000, dbit 16
processing huff, bl0 4, val 00
processing bits, cnt 1 val 00
Found Huffman code: FE500000 12 | 4 00 88 0 88
   88     0     0     0     0     0     0     0 
    0     0     0     0     0     0     0     0 
    0     0     0     0     0     0     0     0 
    0     0     0     0     0     0     0     0 
    0     0     0     0     0     0     0     0 
    0     0     0     0     0     0     0     0 
    0     0     0     0     0     0     0     0 
    0     0     0     0     0     0     0     0 

Buffer: FE5B3000 20 B3
(x: 8, y: 0), cmp 1, DC table, cls 0, cnt 0, dreg FE5B3000, dbit 20
processing huff, bl0 8, val 08
Buffer: 5B3FE000 20 FE
processing bits, cnt 0 val 08
Found Huffman code: 3FE00000 12 | 8 08 -336 -164 -336
Buffer: 3FE15000 20 15
(x: 8, y: 0), cmp 1, AC table, cls 1, cnt 1, dreg 3FE15000, dbit 20
processing huff, bl0 2, val 00
processing bits, cnt 1 val 00
Found Huffman code: FF854000 18 | 2 00 -336 0 -336
 -336     0     0     0     0     0     0     0 
    0     0     0     0     0     0     0     0 
    0     0     0     0     0     0     0     0 
    0     0     0     0     0     0     0     0 
    0     0     0     0     0     0     0     0 
    0     0     0     0     0     0     0     0 
    0     0     0     0     0     0     0     0 
    0     0     0     0     0     0     0     0 

(x: 8, y: 0), cmp 2, DC table, cls 0, cnt 0, dreg FF854000, dbit 18
processing huff, bl0 10, val 0A
Buffer: 15CF0000 16 CF
processing bits, cnt 0 val 0A
Found Huffman code: 3C000000 6 | 10 0A -428 -936 -428
Buffer: 3F040000 14 C1
Buffer: 3F06E800 22 BA
(x: 8, y: 0), cmp 2, AC table, cls 1, cnt 1, dreg 3F06E800, dbit 22
processing huff, bl0 2, val 00
processing bits, cnt 1 val 00
Found Huffman code: FC1BA000 20 | 2 00 -428 0 -428
 -428     0     0     0     0     0     0     0 
    0     0     0     0     0     0     0     0 
    0     0     0     0     0     0     0     0 
    0     0     0     0     0     0     0     0 
    0     0     0     0     0     0     0     0 
    0     0     0     0     0     0     0     0 
    0     0     0     0     0     0     0     0 
    0     0     0     0     0     0     0     0 

Component 0:
TMP:
 5632     0     0     0     0     0     0     0 
    0     0     0     0     0     0     0     0 
    0     0     0     0     0     0     0     0 
    0     0     0     0     0     0     0     0 
    0     0     0     0     0     0     0     0 
    0     0     0     0     0     0     0     0 
    0     0     0     0     0     0     0     0 
    0     0     0     0     0     0     0     0 
  P:
  150   150   150   150   150   150   150   150 
  150   150   150   150   150   150   150   150 
  150   150   150   150   150   150   150   150 
  150   150   150   150   150   150   150   150 
  150   150   150   150   150   150   150   150 
  150   150   150   150   150   150   150   150 
  150   150   150   150   150   150   150   150 
  150   150   150   150   150   150   150   150 
Component 1:
TMP:
-21504     0     0     0     0     0     0     0 
    0     0     0     0     0     0     0     0 
    0     0     0     0     0     0     0     0 
    0     0     0     0     0     0     0     0 
    0     0     0     0     0     0     0     0 
    0     0     0     0     0     0     0     0 
    0     0     0     0     0     0     0     0 
    0     0     0     0     0     0     0     0 
  P:
   44    44    44    44    44    44    44    44 
   44    44    44    44    44    44    44    44 
   44    44    44    44    44    44    44    44 
   44    44    44    44    44    44    44    44 
   44    44    44    44    44    44    44    44 
   44    44    44    44    44    44    44    44 
   44    44    44    44    44    44    44    44 
   44    44    44    44    44    44    44    44 
Component 2:
TMP:
-27392     0     0     0     0     0     0     0 
    0     0     0     0     0     0     0     0 
    0     0     0     0     0     0     0     0 
    0     0     0     0     0     0     0     0 
    0     0     0     0     0     0     0     0 
    0     0     0     0     0     0     0     0 
    0     0     0     0     0     0     0     0 
    0     0     0     0     0     0     0     0 
  P:
   21    21    21    21    21    21    21    21 
   21    21    21    21    21    21    21    21 
   21    21    21    21    21    21    21    21 
   21    21    21    21    21    21    21    21 
   21    21    21    21    21    21    21    21 
   21    21    21    21    21    21    21    21 
   21    21    21    21    21    21    21    21 
   21    21    21    21    21    21    21    21 
(8,0)-(8,8)
(  1,255,  2) (  1,255,  2) (  1,255,  2) (  1,255,  2) (  1,255,  2) (  1,255,  2) (  1,255,  2) (  1,255,  2) 
(  1,255,  2) (  1,255,  2) (  1,255,  2) (  1,255,  2) (  1,255,  2) (  1,255,  2) (  1,255,  2) (  1,255,  2) 
(  1,255,  2) (  1,255,  2) (  1,255,  2) (  1,255,  2) (  1,255,  2) (  1,255,  2) (  1,255,  2) (  1,255,  2) 
(  1,255,  2) (  1,255,  2) (  1,255,  2) (  1,255,  2) (  1,255,  2) (  1,255,  2) (  1,255,  2) (  1,255,  2) 
(  1,255,  2) (  1,255,  2) (  1,255,  2) (  1,255,  2) (  1,255,  2) (  1,255,  2) (  1,255,  2) (  1,255,  2) 
(  1,255,  2) (  1,255,  2) (  1,255,  2) (  1,255,  2) (  1,255,  2) (  1,255,  2) (  1,255,  2) (  1,255,  2) 
(  1,255,  2) (  1,255,  2) (  1,255,  2) (  1,255,  2) (  1,255,  2) (  1,255,  2) (  1,255,  2) (  1,255,  2) 
(  1,255,  2) (  1,255,  2) (  1,255,  2) (  1,255,  2) (  1,255,  2) (  1,255,  2) (  1,255,  2) (  1,255,  2) 
MCU context updated: oft 640, dreg FC1BA000, dbit 20, d 186, x 0, y 8, dcv 88 -336 -428
(x: 0, y: 8), cmp 0, DC table, cls 0, cnt 0, dreg FC1BA000, dbit 20
processing huff, bl0 7, val 09
Found marker 00
Padding byte
Buffer: 0DD7F800 21 00
processing bits, cnt 0 val 09
Found Huffman code: AFF00000 12 | 7 09 -396 -484 -396
Buffer: AFFB4000 20 B4
(x: 0, y: 8), cmp 0, AC table, cls 1, cnt 1, dreg AFFB4000, dbit 20
processing huff, bl0 4, val 00
processing bits, cnt 1 val 00
Found Huffman code: FFB40000 16 | 4 00 -396 0 -396
 -396     0     0     0     0     0     0     0 
    0     0     0     0     0     0     0     0 
    0     0     0     0     0     0     0     0 
    0     0     0     0     0     0     0     0 
    0     0     0     0     0     0     0     0 
    0     0     0     0     0     0     0     0 
    0     0     0     0     0     0     0     0 
    0     0     0     0     0     0     0     0 

(x: 0, y: 8), cmp 1, DC table, cls 0, cnt 0, dreg FFB40000, dbit 16
processing huff, bl0 10, val 0A
Buffer: D30C0000 14 C3
Buffer: D30FF400 22 FD
processing bits, cnt 0 val 0A
Found Huffman code: 3FD00000 12 | 10 0A 508 844 508
Buffer: 3FD58000 20 58
(x: 0, y: 8), cmp 1, AC table, cls 1, cnt 1, dreg 3FD58000, dbit 20
processing huff, bl0 2, val 00
processing bits, cnt 1 val 00
Found Huffman code: FF560000 18 | 2 00 508 0 508
  508     0     0     0     0     0     0     0 
    0     0     0     0     0     0     0     0 
    0     0     0     0     0     0     0     0 
    0     0     0     0     0     0     0     0 
    0     0     0     0     0     0     0     0 
    0     0     0     0     0     0     0     0 
    0     0     0     0     0     0     0     0 
    0     0     0     0     0     0     0     0 

(x: 0, y: 8), cmp 2, DC table, cls 0, cnt 0, dreg FF560000, dbit 18
processing huff, bl0 9, val 09
Buffer: AC1F8000 17 3F
processing bits, cnt 0 val 09
Found Huffman code: 3F000000 8 | 9 09 -84 344 -84
Buffer: 3FB80000 16 B8
(x: 0, y: 8), cmp 2, AC table, cls 1, cnt 1, dreg 3FB80000, dbit 16
processing huff, bl0 2, val 00
processing bits, cnt 1 val 00
Found Huffman code: FEE00000 14 | 2 00 -84 0 -84
  -84     0     0     0     0     0     0     0 
    0     0     0     0     0     0     0     0 
    0     0     0     0     0     0     0     0 
    0     0     0     0     0     0     0     0 
    0     0     0     0     0     0     0     0 
    0     0     0     0     0     0     0     0 
    0     0     0     0     0     0     0     0 
    0     0     0     0     0     0     0     0 

Component 0:
TMP:
-25344     0     0     0     0     0     0     0 
    0     0     0     0     0     0     0     0 
    0     0     0     0     0     0     0     0 
    0     0     0     0     0     0     0     0 
    0     0     0     0     0     0     0     0 
    0     0     0     0     0     0     0     0 
    0     0     0     0     0     0     0     0 
    0     0     0     0     0     0     0     0 
  P:
   29    29    29    29    29    29    29    29 
   29    29    29    29    29    29    29    29 
   29    29    29    29    29    29    29    29 
   29    29    29    29    29    29    29    29 
   29    29    29    29    29    29    29    29 
   29    29    29    29    29    29    29    29 
   29    29    29    29    29    29    29    29 
   29    29    29    29    29    29    29    29 
Component 1:
TMP:
32512     0     0     0     0     0     0     0 
    0     0     0     0     0     0     0     0 
    0     0     0     0     0     0     0     0 
    0     0     0     0     0     0     0     0 
    0     0     0     0     0     0     0     0 
    0     0     0     0     0     0     0     0 
    0     0     0     0     0     0     0     0 
    0     0     0     0     0     0     0     0 
  P:
  255   255   255   255   255   255   255   255 
  255   255   255   255   255   255   255   255 
  255   255   255   255   255   255   255   255 
  255   255   255   255   255   255   255   255 
  255   255   255   255   255   255   255   255 
  255   255   255   255   255   255   255   255 
  255   255   255   255   255   255   255   255 
  255   255   255   255   255   255   255   255 
Component 2:
TMP:
-5376     0     0     0     0     0     0     0 
    0     0     0     0     0     0     0     0 
    0     0     0     0     0     0     0     0 
    0     0     0     0     0     0     0     0 
    0     0     0     0     0     0     0     0 
    0     0     0     0     0     0     0     0 
    0     0     0     0     0     0     0     0 
    0     0     0     0     0     0     0     0 
  P:
  107   107   107   107   107   107   107   107 
  107   107   107   107   107   107   107   107 
  107   107   107   107   107   107   107   107 
  107   107   107   107   107   107   107   107 
  107   107   107   107   107   107   107   107 
  107   107   107   107   107   107   107   107 
  107   107   107   107   107   107   107   107 
  107   107   107   107   107   107   107   107 
(0,8)-(8,8)
(  0,  1,253) (  0,  1,253) (  0,  1,253) (  0,  1,253) (  0,  1,253) (  0,  1,253) (  0,  1,253) (  0,  1,253) 
(  0,  1,253) (  0,  1,253) (  0,  1,253) (  0,  1,253) (  0,  1,253) (  0,  1,253) (  0,  1,253) (  0,  1,253) 
(  0,  1,253) (  0,  1,253) (  0,  1,253) (  0,  1,253) (  0,  1,253) (  0,  1,253) (  0,  1,253) (  0,  1,253) 
(  0,  1,253) (  0,  1,253) (  0,  1,253) (  0,  1,253) (  0,  1,253) (  0,  1,253) (  0,  1,253) (  0,  1,253) 
(  0,  1,253) (  0,  1,253) (  0,  1,253) (  0,  1,253) (  0,  1,253) (  0,  1,253) (  0,  1,253) (  0,  1,253) 
(  0,  1,253) (  0,  1,253) (  0,  1,253) (  0,  1,253) (  0,  1,253) (  0,  1,253) (  0,  1,253) (  0,  1,253) 
(  0,  1,253) (  0,  1,253) (  0,  1,253) (  0,  1,253) (  0,  1,253) (  0,  1,253) (  0,  1,253) (  0,  1,253) 
(  0,  1,253) (  0,  1,253) (  0,  1,253) (  0,  1,253) (  0,  1,253) (  0,  1,253) (  0,  1,253) (  0,  1,253) 
MCU context updated: oft 648, dreg FEE00000, dbit 14, d 184, x 8, y 8, dcv -396 508 -84
Buffer: FEE22800 22 8A
(x: 8, y: 8), cmp 0, DC table, cls 0, cnt 0, dreg FEE22800, dbit 22
processing huff, bl0 8, val 0A
Found marker 00
Padding byte
Buffer: E22BFC00 22 00
processing bits, cnt 0 val 0A
Found Huffman code: AFF00000 12 | 8 0A 508 904 508
Buffer: AFF00000 20 00
(x: 8, y: 8), cmp 0, AC table, cls 1, cnt 1, dreg AFF00000, dbit 20
processing huff, bl0 4, val 00
processing bits, cnt 1 val 00
Found Huffman code: FF000000 16 | 4 00 508 0 508
  508     0     0     0     0     0     0     0 
    0     0     0     0     0     0     0     0 
    0     0     0     0     0     0     0     0 
    0     0     0     0     0     0     0     0 
    0     0     0     0     0     0     0     0 
    0     0     0     0     0     0     0     0 
    0     0     0     0     0     0     0     0 
    0     0     0     0     0     0     0     0 

(x: 8, y: 8), cmp 1, DC table, cls 0, cnt 0, dreg FF000000, dbit 16
processing huff, bl0 9, val 09
Buffer: 019E0000 15 CF
Buffer: 019FAA00 23 D5
processing bits, cnt 0 val 09
Found Huffman code: 3F540000 14 | 9 09 0 -508 0
Buffer: 3F543C00 22 0F
(x: 8, y: 8), cmp 1, AC table, cls 1, cnt 1, dreg 3F543C00, dbit 22
processing huff, bl0 2, val 00
processing bits, cnt 1 val 00
Found Huffman code: FD50F000 20 | 2 00 0 0 0
    0     0     0     0     0     0     0     0 
    0     0     0     0     0     0     0     0 
    0     0     0     0     0     0     0     0 
    0     0     0     0     0     0     0     0 
    0     0     0     0     0     0     0     0 
    0     0     0     0     0     0     0     0 
    0     0     0     0     0     0     0     0 
    0     0     0     0     0     0     0     0 

(x: 8, y: 8), cmp 2, DC table, cls 0, cnt 0, dreg FD50F000, dbit 20
processing huff, bl0 7, val 07
Found marker D9
EOI marker
Buffer: A8780000 13 D9
processing bits, cnt 0 val 07
Found Huffman code: 3C000000 6 | 7 07 0 84 0
(x: 8, y: 8), cmp 2, AC table, cls 1, cnt 1, dreg 3C000000, dbit 6
processing huff, bl0 2, val 00
processing bits, cnt 1 val 00
Found Huffman code: F0000000 4 | 2 00 0 0 0
    0     0     0     0     0     0     0     0 
    0     0     0     0     0     0     0     0 
    0     0     0     0     0     0     0     0 
    0     0     0     0     0     0     0     0 
    0     0     0     0     0     0     0     0 
    0     0     0     0     0     0     0     0 
    0     0     0     0     0     0     0     0 
    0     0     0     0     0     0     0     0 

Component 0:
TMP:
32512     0     0     0     0     0     0     0 
    0     0     0     0     0     0     0     0 
    0     0     0     0     0     0     0     0 
    0     0     0     0     0     0     0     0 
    0     0     0     0     0     0     0     0 
    0     0     0     0     0     0     0     0 
    0     0     0     0     0     0     0     0 
    0     0     0     0     0     0     0     0 
  P:
  255   255   255   255   255   255   255   255 
  255   255   255   255   255   255   255   255 
  255   255   255   255   255   255   255   255 
  255   255   255   255   255   255   255   255 
  255   255   255   255   255   255   255   255 
  255   255   255   255   255   255   255   255 
  255   255   255   255   255   255   255   255 
  255   255   255   255   255   255   255   255 
Component 1:
TMP:
    0     0     0     0     0     0     0     0 
    0     0     0     0     0     0     0     0 
    0     0     0     0     0     0     0     0 
    0     0     0     0     0     0     0     0 
    0     0     0     0     0     0     0     0 
    0     0     0     0     0     0     0     0 
    0     0     0     0     0     0     0     0 
    0     0     0     0     0     0     0     0 
  P:
  128   128   128   128   128   128   128   128 
  128   128   128   128   128   128   128   128 
  128   128   128   128   128   128   128   128 
  128   128   128   128   128   128   128   128 
  128   128   128   128   128   128   128   128 
  128   128   128   128   128   128   128   128 
  128   128   128   128   128   128   128   128 
  128   128   128   128   128   128   128   128 
Component 2:
TMP:
    0     0     0     0     0     0     0     0 
    0     0     0     0     0     0     0     0 
    0     0     0     0     0     0     0     0 
    0     0     0     0     0     0     0     0 
    0     0     0     0     0     0     0     0 
    0     0     0     0     0     0     0     0 
    0     0     0     0     0     0     0     0 
    0     0     0     0     0     0     0     0 
  P:
  128   128   128   128   128   128   128   128 
  128   128   128   128   128   128   128   128 
  128   128   128   128   128   128   128   128 
  128   128   128   128   128   128   128   128 
  128   128   128   128   128   128   128   128 
  128   128   128   128   128   128   128   128 
  128   128   128   128   128   128   128   128 
  128   128   128   128   128   128   128   128 
(8,8)-(8,8)
(255,255,255) (255,255,255) (255,255,255) (255,255,255) (255,255,255) (255,255,255) (255,255,255) (255,255,255) 
(255,255,255) (255,255,255) (255,255,255) (255,255,255) (255,255,255) (255,255,255) (255,255,255) (255,255,255) 
(255,255,255) (255,255,255) (255,255,255) (255,255,255) (255,255,255) (255,255,255) (255,255,255) (255,255,255) 
(255,255,255) (255,255,255) (255,255,255) (255,255,255) (255,255,255) (255,255,255) (255,255,255) (255,255,255) 
(255,255,255) (255,255,255) (255,255,255) (255,255,255) (255,255,255) (255,255,255) (255,255,255) (255,255,255) 
(255,255,255) (255,255,255) (255,255,255) (255,255,255) (255,255,255) (255,255,255) (255,255,255) (255,255,255) 
(255,255,255) (255,255,255) (255,255,255) (255,255,255) (255,255,255) (255,255,255) (255,255,255) (255,255,255) 
(255,255,255) (255,255,255) (255,255,255) (255,255,255) (255,255,255) (255,255,255) (255,255,255) (255,255,255) 
All MCUs processed (4 padding bits: F)
rd 648 808
Buffer: FEE22800 22 8A
(x: 8, y: 8), cmp 0, DC table, cls 0, cnt 0, dreg FEE22800, dbit 22
processing huff, bl0 8, val 0A
Found marker 00
Padding byte
Buffer: E22BFC00 22 00
processing bits, cnt 0 val 0A
Found Huffman code: AFF00000 12 | 8 0A 508 904 508
Buffer: AFF00000 20 00
(x: 8, y: 8), cmp 0, AC table, cls 1, cnt 1, dreg AFF00000, dbit 20
processing huff, bl0 4, val 00
processing bits, cnt 1 val 00
Found Huffman code: FF000000 16 | 4 00 508 0 508
  508     0     0     0     0     0     0     0 
    0     0     0     0     0     0     0     0 
    0     0     0     0     0     0     0     0 
    0     0     0     0     0     0     0     0 
    0     0     0     0     0     0     0     0 
    0     0     0     0     0     0     0     0 
    0     0     0     0     0     0     0     0 
    0     0     0     0     0     0     0     0 

(x: 8, y: 8), cmp 1, DC table, cls 0, cnt 0, dreg FF000000, dbit 16
processing huff, bl0 9, val 09
Buffer: 019E0000 15 CF
Buffer: 019FAA00 23 D5
processing bits, cnt 0 val 09
Found Huffman code: 3F540000 14 | 9 09 0 -508 0
Buffer: 3F543C00 22 0F
(x: 8, y: 8), cmp 1, AC table, cls 1, cnt 1, dreg 3F543C00, dbit 22
processing huff, bl0 2, val 00
processing bits, cnt 1 val 00
Found Huffman code: FD50F000 20 | 2 00 0 0 0
    0     0     0     0     0     0     0     0 
    0     0     0     0     0     0     0     0 
    0     0     0     0     0     0     0     0 
    0     0     0     0     0     0     0     0 
    0     0     0     0     0     0     0     0 
    0     0     0     0     0     0     0     0 
    0     0     0     0     0     0     0     0 
    0     0     0     0     0     0     0     0 

(x: 8, y: 8), cmp 2, DC table, cls 0, cnt 0, dreg FD50F000, dbit 20
processing huff, bl0 7, val 07
Found marker D9
EOI marker
Buffer: A8780000 13 D9
processing bits, cnt 0 val 07
Found Huffman code: 3C000000 6 | 7 07 0 84 0
(x: 8, y: 8), cmp 2, AC table, cls 1, cnt 1, dreg 3C000000, dbit 6
processing huff, bl0 2, val 00
processing bits, cnt 1 val 00
Found Huffman code: F0000000 4 | 2 00 0 0 0
    0     0     0     0     0     0     0     0 
    0     0     0     0     0     0     0     0 
    0     0     0     0     0     0     0     0 
    0     0     0     0     0     0     0     0 
    0     0     0     0     0     0     0     0 
    0     0     0     0     0     0     0     0 
    0     0     0     0     0     0     0     0 
    0     0     0     0     0     0     0     0 

Component 0:
TMP:
32512     0     0     0     0     0     0     0 
    0     0     0     0     0     0     0     0 
    0     0     0     0     0     0     0     0 
    0     0     0     0     0     0     0     0 
    0     0     0     0     0     0     0     0 
    0     0     0     0     0     0     0     0 
    0     0     0     0     0     0     0     0 
    0     0     0     0     0     0     0     0 
  P:
  255   255   255   255   255   255   255   255 
  255   255   255   255   255   255   255   255 
  255   255   255   255   255   255   255   255 
  255   255   255   255   255   255   255   255 
  255   255   255   255   255   255   255   255 
  255   255   255   255   255   255   255   255 
  255   255   255   255   255   255   255   255 
  255   255   255   255   255   255   255   255 
Component 1:
TMP:
    0     0     0     0     0     0     0     0 
    0     0     0     0     0     0     0     0 
    0     0     0     0     0     0     0     0 
    0     0     0     0     0     0     0     0 
    0     0     0     0     0     0     0     0 
    0     0     0     0     0     0     0     0 
    0     0     0     0     0     0     0     0 
    0     0     0     0     0     0     0     0 
  P:
  128   128   128   128   128   128   128   128 
  128   128   128   128   128   128   128   128 
  128   128   128   128   128   128   128   128 
  128   128   128   128   128   128   128   128 
  128   128   128   128   128   128   128   128 
  128   128   128   128   128   128   128   128 
  128   128   128   128   128   128   128   128 
  128   128   128   128   128   128   128   128 
Component 2:
TMP:
    0     0     0     0     0     0     0     0 
    0     0     0     0     0     0     0     0 
    0     0     0     0     0     0     0     0 
    0     0     0     0     0     0     0     0 
    0     0     0     0     0     0     0     0 
    0     0     0     0     0     0     0     0 
    0     0     0     0     0     0     0     0 
    0     0     0     0     0     0     0     0 
  P:
  128   128   128   128   128   128   128   128 
  128   128   128   128   128   128   128   128 
  128   128   128   128   128   128   128   128 
  128   128   128   128   128   128   128   128 
  128   128   128   128   128   128   128   128 
  128   128   128   128   128   128   128   128 
  128   128   128   128   128   128   128   128 
  128   128   128   128   128   128   128   128 
(8,8)-(8,8)
(255,255,255) (255,255,255) (255,255,255) (255,255,255) (255,255,255) (255,255,255) (255,255,255) (255,255,255) 
(255,255,255) (255,255,255) (255,255,255) (255,255,255) (255,255,255) (255,255,255) (255,255,255) (255,255,255) 
(255,255,255) (255,255,255) (255,255,255) (255,255,255) (255,255,255) (255,255,255) (255,255,255) (255,255,255) 
(255,255,255) (255,255,255) (255,255,255) (255,255,255) (255,255,255) (255,255,255) (255,255,255) (255,255,255) 
(255,255,255) (255,255,255) (255,255,255) (255,255,255) (255,255,255) (255,255,255) (255,255,255) (255,255,255) 
(255,255,255) (255,255,255) (255,255,255) (255,255,255) (255,255,255) (255,255,255) (255,255,255) (255,255,255) 
(255,255,255) (255,255,255) (255,255,255) (255,255,255) (255,255,255) (255,255,255) (255,255,255) (255,255,255) 
(255,255,255) (255,255,255) (255,255,255) (255,255,255) (255,255,255) (255,255,255) (255,255,255) (255,255,255) 
All MCUs processed (4 padding bits: F)



sizeof(zjd_t): 268
Memory Pool: 2264
samples/rgbw_yuv444.jpg Total: 2532
