Preparing JPEG decoder...
(0,0)-(8,8)
(252,  1,  0) (252,  1,  0) (252,  2,  0) (252,  2,  0) (253,  1,  0) (253,  1,  0) (253,  1,  0) (253,  1,  0) 
(252,  1,  0) (252,  1,  0) (252,  2,  0) (252,  2,  0) (253,  1,  0) (253,  1,  0) (253,  1,  0) (253,  1,  0) 
(252,  1,  0) (252,  1,  0) (252,  2,  0) (252,  2,  0) (253,  1,  0) (253,  1,  0) (253,  1,  0) (253,  1,  0) 
(252,  1,  0) (252,  1,  0) (252,  2,  0) (252,  2,  0) (253,  1,  0) (253,  1,  0) (253,  1,  0) (253,  1,  0) 
(252,  1,  0) (252,  1,  0) (252,  2,  0) (252,  2,  0) (253,  1,  0) (253,  1,  0) (253,  1,  0) (253,  1,  0) 
(252,  1,  0) (252,  1,  0) (252,  2,  0) (252,  2,  0) (253,  1,  0) (253,  1,  0) (253,  1,  0) (253,  1,  0) 
(252,  1,  0) (252,  1,  0) (252,  2,  0) (252,  2,  0) (253,  1,  0) (253,  1,  0) (253,  1,  0) (253,  1,  0) 
(252,  1,  0) (252,  1,  0) (252,  2,  0) (252,  2,  0) (253,  1,  0) (253,  1,  0) (253,  1,  0) (253,  1,  0) 
(8,0)-(8,8)
(  0,255,  0) (  0,255,  0) (  0,255,  2) (  0,255,  2) (  1,254,  3) (  1,254,  3) (  1,255,  0) (  1,255,  0) 
(  0,255,  0) (  0,255,  0) (  0,255,  2) (  0,255,  2) (  1,254,  3) (  1,254,  3) (  1,255,  0) (  1,255,  0) 
(  0,255,  0) (  0,255,  0) (  0,255,  2) (  0,255,  2) (  1,254,  3) (  1,254,  3) (  1,255,  0) (  1,255,  0) 
(  0,255,  0) (  0,255,  0) (  0,255,  2) (  0,255,  2) (  1,254,  3) (  1,254,  3) (  1,255,  0) (  1,255,  0) 
(  0,255,  0) (  0,255,  0) (  0,255,  2) (  0,255,  2) (  1,254,  3) (  1,254,  3) (  1,255,  0) (  1,255,  0) 
(  0,255,  0) (  0,255,  0) (  0,255,  2) (  0,255,  2) (  1,254,  3) (  1,254,  3) (  1,255,  0) (  1,255,  0) 
(  0,255,  0) (  0,255,  0) (  0,255,  2) (  0,255,  2) (  1,254,  3) (  1,254,  3) (  1,255,  0) (  1,255,  0) 
(  0,255,  0) (  0,255,  0) (  0,255,  2) (  0,255,  2) (  1,254,  3) (  1,254,  3) (  1,255,  0) (  1,255,  0) 
(0,8)-(8,8)
(  0,  2,253) (  0,  2,253) (  0,  2,252) (  0,  2,252) (  0,  1,252) (  0,  1,252) (  0,  2,252) (  0,  2,252) 
(  0,  2,253) (  0,  2,253) (  0,  2,252) (  0,  2,252) (  0,  1,252) (  0,  1,252) (  0,  2,252) (  0,  2,252) 
(  0,  2,253) (  0,  2,253) (  0,  2,252) (  0,  2,252) (  0,  1,252) (  0,  1,252) (  0,  2,252) (  0,  2,252) 
(  0,  2,253) (  0,  2,253) (  0,  2,252) (  0,  2,252) (  0,  1,252) (  0,  1,252) (  0,  2,252) (  0,  2,252) 
(  0,  2,253) (  0,  2,253) (  0,  2,252) (  0,  2,252) (  0,  1,252) (  0,  1,252) (  0,  2,252) (  0,  2,252) 
(  0,  2,253) (  0,  2,253) (  0,  2,252) (  0,  2,252) (  0,  1,252) (  0,  1,252) (  0,  2,252) (  0,  2,252) 
(  0,  2,253) (  0,  2,253) (  0,  2,252) (  0,  2,252) (  0,  1,252) (  0,  1,252) (  0,  2,252) (  0,  2,252) 
(  0,  2,253) (  0,  2,253) (  0,  2,252) (  0,  2,252) (  0,  1,252) (  0,  1,252) (  0,  2,252) (  0,  2,252) 
(8,8)-(8,8)
(255,255,255) (255,255,255) (254,255,255) (254,255,255) (255,255,255) (255,255,255) (255,255,254) (255,255,254) 
(255,255,255) (255,255,255) (254,255,255) (254,255,255) (255,255,255) (255,255,255) (255,255,254) (255,255,254) 
(255,255,255) (255,255,255) (254,255,255) (254,255,255) (255,255,255) (255,255,255) (255,255,254) (255,255,254) 
(255,255,255) (255,255,255) (254,255,255) (254,255,255) (255,255,255) (255,255,255) (255,255,254) (255,255,254) 
(255,255,255) (255,255,255) (254,255,255) (254,255,255) (255,255,255) (255,255,255) (255,255,254) (255,255,254) 
(255,255,255) (255,255,255) (254,255,255) (254,255,255) (255,255,255) (255,255,255) (255,255,254) (255,255,254) 
(255,255,255) (255,255,255) (254,255,255) (254,255,255) (255,255,255) (255,255,255) (255,255,254) (255,255,254) 
(255,255,255) (255,255,255) (254,255,255) (254,255,255) (255,255,255) (255,255,255) (255,255,254) (255,255,254) 
(0,8)-(8,8)
(  0,  2,253) (  0,  2,253) (  0,  2,252) (  0,  2,252) (  0,  1,252) (  0,  1,252) (  0,  2,252) (  0,  2,252) 
(  0,  2,253) (  0,  2,253) (  0,  2,252) (  0,  2,252) (  0,  1,252) (  0,  1,252) (  0,  2,252) (  0,  2,252) 
(  0,  2,253) (  0,  2,253) (  0,  2,252) (  0,  2,252) (  0,  1,252) (  0,  1,252) (  0,  2,252) (  0,  2,252) 
(  0,  2,253) (  0,  2,253) (  0,  2,252) (  0,  2,252) (  0,  1,252) (  0,  1,252) (  0,  2,252) (  0,  2,252) 
(  0,  2,253) (  0,  2,253) (  0,  2,252) (  0,  2,252) (  0,  1,252) (  0,  1,252) (  0,  2,252) (  0,  2,252) 
(  0,  2,253) (  0,  2,253) (  0,  2,252) (  0,  2,252) (  0,  1,252) (  0,  1,252) (  0,  2,252) (  0,  2,252) 
(  0,  2,253) (  0,  2,253) (  0,  2,252) (  0,  2,252) (  0,  1,252) (  0,  1,252) (  0,  2,252) (  0,  2,252) 
(  0,  2,253) (  0,  2,253) (  0,  2,252) (  0,  2,252) (  0,  1,252) (  0,  1,252) (  0,  2,252) (  0,  2,252) 
(8,8)-(8,8)
(255,255,255) (255,255,255) (254,255,255) (254,255,255) (255,255,255) (255,255,255) (255,255,254) (255,255,254) 
(255,255,255) (255,255,255) (254,255,255) (254,255,255) (255,255,255) (255,255,255) (255,255,254) (255,255,254) 
(255,255,255) (255,255,255) (254,255,255) (254,255,255) (255,255,255) (255,255,255) (255,255,254) (255,255,254) 
(255,255,255) (255,255,255) (254,255,255) (254,255,255) (255,255,255) (255,255,255) (255,255,254) (255,255,254) 
(255,255,255) (255,255,255) (254,255,255) (254,255,255) (255,255,255) (255,255,255) (255,255,254) (255,255,254) 
(255,255,255) (255,255,255) (254,255,255) (254,255,255) (255,255,255) (255,255,255) (255,255,254) (255,255,254) 
(255,255,255) (255,255,255) (254,255,255) (254,255,255) (255,255,255) (255,255,255) (255,255,254) (255,255,254) 
(255,255,255) (255,255,255) (254,255,255) (254,255,255) (255,255,255) (255,255,255) (255,255,254) (255,255,254) 



sizeof(zjd_t): 268
Memory Pool: 2392
samples/rgbw_yuv422.jpg Total: 2660
