Preparing JPEG decoder...
(0,0)-(8,8)
(255,  0,  0) (255,  0,  0) (252,  2,  0) (252,  2,  0) (253,  1,  0) (253,  1,  0) (253,  1,  0) (253,  1,  0) 
(255,  0,  0) (255,  0,  0) (252,  2,  0) (252,  2,  0) (253,  1,  0) (253,  1,  0) (253,  1,  0) (253,  1,  0) 
(249,  3,  0) (249,  3,  0) (249,  3,  0) (249,  3,  0) (252,  2,  0) (252,  2,  0) (253,  1,  0) (253,  1,  0) 
(249,  3,  0) (249,  3,  0) (249,  3,  0) (249,  3,  0) (252,  2,  0) (252,  2,  0) (253,  1,  0) (253,  1,  0) 
(255,  0,  2) (255,  0,  2) (255,  0,  0) (255,  0,  0) (253,  1,  0) (253,  1,  0) (251,  2,  2) (251,  2,  2) 
(255,  0,  2) (255,  0,  2) (255,  0,  0) (255,  0,  0) (253,  1,  0) (253,  1,  0) (251,  2,  2) (251,  2,  2) 
(251,  2,  0) (251,  2,  0) (253,  1,  0) (253,  1,  0) (248,  3,  2) (248,  3,  2) (252,  2,  0) (252,  2,  0) 
(251,  2,  0) (251,  2,  0) (253,  1,  0) (253,  1,  0) (248,  3,  2) (248,  3,  2) (252,  2,  0) (252,  2,  0) 
(8,0)-(8,8)
(  1,255,  0) (  1,255,  0) (  1,255,  0) (  1,255,  0) (  2,254,  0) (  2,254,  0) (  0,255,  0) (  0,255,  0) 
(  1,255,  0) (  1,255,  0) (  1,255,  0) (  1,255,  0) (  2,254,  0) (  2,254,  0) (  0,255,  0) (  0,255,  0) 
(  0,255,  3) (  0,255,  3) (  0,255,  3) (  0,255,  3) (  1,254,  5) (  1,254,  5) (  1,255,  2) (  1,255,  2) 
(  0,255,  3) (  0,255,  3) (  0,255,  3) (  0,255,  3) (  1,254,  5) (  1,254,  5) (  1,255,  2) (  1,255,  2) 
(  3,254,  0) (  3,254,  0) (  2,254,  2) (  2,254,  2) (  0,255,  2) (  0,255,  2) (  0,255,  0) (  0,255,  0) 
(  3,254,  0) (  3,254,  0) (  2,254,  2) (  2,254,  2) (  0,255,  2) (  0,255,  2) (  0,255,  0) (  0,255,  0) 
(  0,254,  7) (  0,254,  7) (  3,254,  0) (  3,254,  0) (  0,255,  2) (  0,255,  2) (  0,255,  0) (  0,255,  0) 
(  0,254,  7) (  0,254,  7) (  3,254,  0) (  3,254,  0) (  0,255,  2) (  0,255,  2) (  0,255,  0) (  0,255,  0) 
(0,8)-(8,8)
(  0,  1,252) (  0,  1,252) (  0,  1,252) (  0,  1,252) (  3,  0,248) (  3,  0,248) (  1,  0,255) (  1,  0,255) 
(  0,  1,252) (  0,  1,252) (  0,  1,252) (  0,  1,252) (  3,  0,248) (  3,  0,248) (  1,  0,255) (  1,  0,255) 
(  0,  3,250) (  0,  3,250) (  0,  2,253) (  0,  2,253) (  0,  3,252) (  0,  3,252) (  1,  1,248) (  1,  1,248) 
(  0,  3,250) (  0,  3,250) (  0,  2,253) (  0,  2,253) (  0,  3,252) (  0,  3,252) (  1,  1,248) (  1,  1,248) 
(  3,  0,252) (  3,  0,252) (  4,  0,255) (  4,  0,255) (  0,  2,252) (  0,  2,252) (  0,  2,250) (  0,  2,250) 
(  3,  0,252) (  3,  0,252) (  4,  0,255) (  4,  0,255) (  0,  2,252) (  0,  2,252) (  0,  2,250) (  0,  2,250) 
(  0,  2,253) (  0,  2,253) (  1,  0,253) (  1,  0,253) (  0,  3,250) (  0,  3,250) (  0,  1,252) (  0,  1,252) 
(  0,  2,253) (  0,  2,253) (  1,  0,253) (  1,  0,253) (  0,  3,250) (  0,  3,250) (  0,  1,252) (  0,  1,252) 
(8,8)-(8,8)
(254,255,250) (254,255,250) (254,255,255) (254,255,255) (255,255,254) (255,255,254) (255,255,254) (255,255,254) 
(254,255,250) (254,255,250) (254,255,255) (254,255,255) (255,255,254) (255,255,254) (255,255,254) (255,255,254) 
(250,255,255) (250,255,255) (255,255,255) (255,255,255) (255,255,254) (255,255,254) (255,255,255) (255,255,255) 
(250,255,255) (250,255,255) (255,255,255) (255,255,255) (255,255,254) (255,255,254) (255,255,255) (255,255,255) 
(255,255,254) (255,255,254) (255,254,254) (255,254,254) (253,255,250) (253,255,250) (254,255,254) (254,255,254) 
(255,255,254) (255,255,254) (255,254,254) (255,254,254) (253,255,250) (253,255,250) (254,255,254) (254,255,254) 
(253,255,255) (253,255,255) (255,255,255) (255,255,255) (251,255,255) (251,255,255) (255,255,255) (255,255,255) 
(253,255,255) (253,255,255) (255,255,255) (255,255,255) (251,255,255) (251,255,255) (255,255,255) (255,255,255) 
(0,0)-(8,8)
(255,  0,  0) (255,  0,  0) (252,  2,  0) (252,  2,  0) (253,  1,  0) (253,  1,  0) (253,  1,  0) (253,  1,  0) 
(255,  0,  0) (255,  0,  0) (252,  2,  0) (252,  2,  0) (253,  1,  0) (253,  1,  0) (253,  1,  0) (253,  1,  0) 
(249,  3,  0) (249,  3,  0) (249,  3,  0) (249,  3,  0) (252,  2,  0) (252,  2,  0) (253,  1,  0) (253,  1,  0) 
(249,  3,  0) (249,  3,  0) (249,  3,  0) (249,  3,  0) (252,  2,  0) (252,  2,  0) (253,  1,  0) (253,  1,  0) 
(255,  0,  2) (255,  0,  2) (255,  0,  0) (255,  0,  0) (253,  1,  0) (253,  1,  0) (251,  2,  2) (251,  2,  2) 
(255,  0,  2) (255,  0,  2) (255,  0,  0) (255,  0,  0) (253,  1,  0) (253,  1,  0) (251,  2,  2) (251,  2,  2) 
(251,  2,  0) (251,  2,  0) (253,  1,  0) (253,  1,  0) (248,  3,  2) (248,  3,  2) (252,  2,  0) (252,  2,  0) 
(251,  2,  0) (251,  2,  0) (253,  1,  0) (253,  1,  0) (248,  3,  2) (248,  3,  2) (252,  2,  0) (252,  2,  0) 
(8,0)-(8,8)
(  1,255,  0) (  1,255,  0) (  1,255,  0) (  1,255,  0) (  2,254,  0) (  2,254,  0) (  0,255,  0) (  0,255,  0) 
(  1,255,  0) (  1,255,  0) (  1,255,  0) (  1,255,  0) (  2,254,  0) (  2,254,  0) (  0,255,  0) (  0,255,  0) 
(  0,255,  3) (  0,255,  3) (  0,255,  3) (  0,255,  3) (  1,254,  5) (  1,254,  5) (  1,255,  2) (  1,255,  2) 
(  0,255,  3) (  0,255,  3) (  0,255,  3) (  0,255,  3) (  1,254,  5) (  1,254,  5) (  1,255,  2) (  1,255,  2) 
(  3,254,  0) (  3,254,  0) (  2,254,  2) (  2,254,  2) (  0,255,  2) (  0,255,  2) (  0,255,  0) (  0,255,  0) 
(  3,254,  0) (  3,254,  0) (  2,254,  2) (  2,254,  2) (  0,255,  2) (  0,255,  2) (  0,255,  0) (  0,255,  0) 
(  0,254,  7) (  0,254,  7) (  3,254,  0) (  3,254,  0) (  0,255,  2) (  0,255,  2) (  0,255,  0) (  0,255,  0) 
(  0,254,  7) (  0,254,  7) (  3,254,  0) (  3,254,  0) (  0,255,  2) (  0,255,  2) (  0,255,  0) (  0,255,  0) 
(0,8)-(8,8)
(  0,  1,252) (  0,  1,252) (  0,  1,252) (  0,  1,252) (  3,  0,248) (  3,  0,248) (  1,  0,255) (  1,  0,255) 
(  0,  1,252) (  0,  1,252) (  0,  1,252) (  0,  1,252) (  3,  0,248) (  3,  0,248) (  1,  0,255) (  1,  0,255) 
(  0,  3,250) (  0,  3,250) (  0,  2,253) (  0,  2,253) (  0,  3,252) (  0,  3,252) (  1,  1,248) (  1,  1,248) 
(  0,  3,250) (  0,  3,250) (  0,  2,253) (  0,  2,253) (  0,  3,252) (  0,  3,252) (  1,  1,248) (  1,  1,248) 
(  3,  0,252) (  3,  0,252) (  4,  0,255) (  4,  0,255) (  0,  2,252) (  0,  2,252) (  0,  2,250) (  0,  2,250) 
(  3,  0,252) (  3,  0,252) (  4,  0,255) (  4,  0,255) (  0,  2,252) (  0,  2,252) (  0,  2,250) (  0,  2,250) 
(  0,  2,253) (  0,  2,253) (  1,  0,253) (  1,  0,253) (  0,  3,250) (  0,  3,250) (  0,  1,252) (  0,  1,252) 
(  0,  2,253) (  0,  2,253) (  1,  0,253) (  1,  0,253) (  0,  3,250) (  0,  3,250) (  0,  1,252) (  0,  1,252) 
(8,8)-(8,8)
(254,255,250) (254,255,250) (254,255,255) (254,255,255) (255,255,254) (255,255,254) (255,255,254) (255,255,254) 
(254,255,250) (254,255,250) (254,255,255) (254,255,255) (255,255,254) (255,255,254) (255,255,254) (255,255,254) 
(250,255,255) (250,255,255) (255,255,255) (255,255,255) (255,255,254) (255,255,254) (255,255,255) (255,255,255) 
(250,255,255) (250,255,255) (255,255,255) (255,255,255) (255,255,254) (255,255,254) (255,255,255) (255,255,255) 
(255,255,254) (255,255,254) (255,254,254) (255,254,254) (253,255,250) (253,255,250) (254,255,254) (254,255,254) 
(255,255,254) (255,255,254) (255,254,254) (255,254,254) (253,255,250) (253,255,250) (254,255,254) (254,255,254) 
(253,255,255) (253,255,255) (255,255,255) (255,255,255) (251,255,255) (251,255,255) (255,255,255) (255,255,255) 
(253,255,255) (253,255,255) (255,255,255) (255,255,255) (251,255,255) (251,255,255) (255,255,255) (255,255,255) 



sizeof(zjd_t): 268
Memory Pool: 2648
samples/rgbw_yuv420.jpg Total: 2916
